latitude: 34.049465
longitude: -106.911133333
time: 2019-05-02T12:09:36.000Z
